00 00 33.5 -65 30 27
00 02 13.3 -76 59 48
00 02 36.1 -05 56 41
00 04 22.8 -17 15 59
00 05 58.5 -05 38 16
00 09 02.2 +29 09 34
00 09 51.1 +59 13 07
00 10 02.5 -45 40 43
00 10 58.5 +46 08 30
00 12 12.4 -27 43 49
00 12 22.0 -35 03 48
00 13 52.9 +15 15 11
00 15 15.1 +20 16 34
00 15 16.5 -18 51 49
00 18 59.0 +36 51 16
00 20 03.9 -08 45 17
00 20 42.9 -64 48 05
00 21 14.5 +08 15 35
00 21 47.0 +38 02 16
00 26 23.5 -77 11 02
00 26 48.9 -43 36 38
00 26 54.0 -42 14 17
00 31 00.1 -23 43 07
00 32 01.0 -48 44 04
00 32 06.7 -62 53 22
00 33 43.2 +63 00 02
00 37 33.1 +33 47 17
00 37 40.5 +53 57 56
00 38 01.6 +35 28 05
00 39 13.1 +29 22 46
00 39 59.9 +30 55 45
00 41 13.4 +56 36 21
00 41 54.8 -46 00 60
00 43 54.7 -57 23 41
00 44 13.0 -17 55 05
00 45 25.6 +48 21 09
00 48 00.2 +24 20 06
00 49 01.2 -74 51 20
00 49 19.9 +07 39 10
00 49 38.2 +17 00 29
00 49 52.1 +57 52 52
00 50 30.5 +41 08 48
00 50 45.2 -10 34 38
00 51 29.8 +64 18 55
00 53 38.9 -01 04 36
00 55 28.1 -69 27 35
00 57 27.1 +38 34 01
00 57 28.4 +60 47 03
00 57 52.6 +23 29 06
00 58 30.9 +29 03 34
00 59 12.4 -29 17 24
01 03 02.2 -31 29 06
01 03 35.6 +07 57 26
01 06 38.3 -46 39 06
01 07 48.2 -61 42 31
01 08 22.0 -41 25 13
01 08 54.5 -55 10 45
01 09 06.8 +54 58 53
01 09 13.1 -10 06 59
01 10 14.0 +47 18 29
01 10 26.1 +35 41 11
01 10 41.5 +86 19 24
01 11 52.3 +55 12 58
01 12 07.7 +21 06 03
01 12 21.1 +30 09 20
01 14 23.2 +07 38 28
01 18 26.7 +03 40 48
01 20 09.4 +27 19 46
01 20 52.6 +58 17 49
01 23 04.9 +45 35 38
01 24 38.9 -08 07 09
01 26 38.6 +60 17 59
01 26 50.0 +68 11 41
01 27 22.3 +19 18 17
01 28 24.6 +45 28 15
01 28 54.4 -43 15 16
01 30 12.1 -21 33 54
01 31 46.2 -49 00 29
01 32 09.3 +15 24 36
01 37 32.2 +41 28 03
01 38 10.7 -57 10 25
01 38 46.0 +48 41 28
01 39 32.3 +73 06 11
01 42 05.0 +05 33 02
01 42 42.4 -32 15 52
01 43 21.5 -03 37 40
01 44 27.1 +50 45 04
01 44 38.9 -15 52 19
01 46 03.3 +09 13 13
01 46 13.9 -24 59 26
01 46 36.9 -05 40 16
01 50 12.0 -10 37 30
01 52 04.7 -10 16 25
01 53 47.9 +29 38 21
01 54 08.7 -46 14 31
01 54 12.3 +03 14 56
01 54 53.1 -42 26 10
01 55 15.2 -67 35 10
01 55 18.5 +63 43 52
01 55 20.0 +20 52 07
01 56 26.6 -51 32 49
01 59 09.8 -61 30 34
02 00 35.6 -21 01 04
02 02 41.7 +02 49 25
02 03 08.5 +54 32 51
02 04 31.6 +72 28 52
02 04 40.3 +42 23 21
02 05 03.0 -29 14 14
02 07 52.9 +23 31 16
02 10 17.5 +35 02 45
02 13 27.5 -30 39 56
02 13 39.8 +08 54 17
02 14 26.7 +51 07 24
02 16 57.4 -51 27 17
02 17 36.5 -06 21 54
02 18 03.7 +33 54 16
02 19 58.7 -02 55 17
02 20 05.6 +47 26 13
02 21 58.5 -68 36 10
02 22 57.3 -73 35 21
02 23 06.9 -23 45 35
02 25 14.9 -60 15 23
02 26 33.3 -12 14 05
02 27 26.6 -47 38 53
02 28 49.5 +08 30 56
02 28 54.2 +29 43 28
02 30 06.7 +67 27 28
02 31 26.4 -79 03 17
02 32 40.8 -15 11 26
02 32 52.2 +36 12 07
02 36 31.9 +05 38 50
02 36 46.1 +06 56 45
02 39 14.9 +72 52 19
02 39 31.7 +22 00 53
02 39 47.1 -68 12 49
02 40 07.5 +00 22 55
02 41 03.0 -54 29 48
02 41 09.6 -39 48 08
02 43 57.0 +03 17 16
02 44 11.3 +27 45 35
02 44 43.1 -13 48 23
02 44 54.3 +44 20 58
02 45 03.6 +49 16 50
02 45 37.2 +10 09 59
02 45 41.2 -18 31 13
02 46 55.0 +89 19 03
02 49 36.8 -32 21 14
02 50 43.4 +27 18 41
02 51 22.7 +38 22 10
02 51 36.4 -20 57 11
02 51 37.0 +55 56 47
02 52 11.1 +15 07 58
02 54 17.7 -49 50 21
02 55 09.1 +52 48 46
02 57 02.3 -08 50 56
02 57 15.1 -03 39 45
02 58 44.1 -40 15 18
02 59 50.4 +35 13 57
03 00 23.2 +08 57 23
03 02 17.5 -71 51 13
03 02 56.1 +04 08 17
03 02 56.6 -23 34 34
03 03 54.6 -59 41 23
03 05 42.6 +53 33 16
03 05 58.9 +38 53 16
03 07 51.4 +79 27 58
03 08 59.2 +41 00 11
03 09 58.5 +49 39 36
03 10 20.7 +44 54 15
03 12 20.8 +19 46 24
03 12 36.4 -28 56 20
03 12 52.2 -57 16 30
03 13 24.8 -01 08 60
03 15 37.3 +21 05 24
03 16 26.5 -08 46 26
03 19 31.5 +50 16 01
03 20 01.1 +03 24 55
03 20 04.4 -21 42 47
03 20 25.6 -43 01 21
03 21 05.9 +29 05 35
03 21 57.1 +21 11 29
03 21 57.7 +77 46 44
03 25 13.3 +49 54 17
03 25 29.2 +09 04 20
03 25 46.4 +64 37 46
03 27 50.9 +09 46 32
03 29 36.0 -62 53 38
03 30 05.5 +59 58 58
03 30 55.2 +58 55 16
03 31 14.3 -05 01 59
03 31 27.7 +48 02 15
03 31 33.9 +12 58 43
03 33 31.2 -09 24 60
03 34 20.4 -21 35 30
03 36 51.6 -17 25 35
03 37 23.0 +48 14 00
03 37 30.7 +00 26 26
03 37 32.6 -40 14 02
03 42 44.8 -31 53 56
03 43 15.1 +63 15 22
03 43 49.2 +47 49 35
03 43 50.9 -09 43 18
03 44 21.6 -64 46 04
03 45 06.4 +32 19 37
03 45 08.7 -01 07 28
03 45 37.2 +24 09 06
03 45 57.3 +24 30 20
03 46 02.8 +42 37 01
03 46 20.4 +06 05 18
03 46 34.4 +24 24 21
03 46 44.0 -12 03 47
03 47 03.5 -74 12 02
03 47 04.2 +23 59 11
03 47 23.2 -23 12 48
03 48 13.8 +24 08 35
03 49 54.5 +24 05 27
03 49 55.3 -36 09 47
03 50 40.7 +65 33 48
03 51 41.8 +71 22 09
03 54 55.2 +31 55 11
03 58 36.8 -13 28 25
03 58 41.8 +40 02 43
03 58 56.8 -61 21 55
03 59 46.8 +35 49 34
04 01 22.5 +12 31 29
04 02 10.1 -01 30 55
04 03 49.4 +06 01 23
04 05 26.2 +22 06 55
04 07 31.2 +50 23 03
04 09 34.4 +47 44 41
04 09 53.8 +19 38 29
04 11 35.7 +26 30 45
04 12 28.6 -06 48 21
04 14 25.0 -42 15 51
04 14 35.3 -62 26 34
04 15 49.2 +48 26 24
04 15 50.9 -07 38 03
04 16 12.9 +08 55 22
04 16 21.3 -51 27 20
04 16 42.1 -59 16 21
04 18 22.1 -33 46 06
04 20 30.4 +15 39 25
04 20 40.0 +14 03 52
04 21 11.8 -20 36 38
04 21 13.5 +34 35 45
04 21 51.5 +65 10 10
04 22 01.6 -63 21 25
04 23 39.4 +17 34 15
04 24 08.2 +16 48 20
04 24 18.3 -03 43 03
04 24 30.4 -33 59 18
04 26 07.0 +22 19 18
04 26 12.9 +17 57 20
04 27 03.5 +22 50 28
04 27 03.6 +15 38 45
04 29 17.4 +15 59 21
04 29 20.9 +19 12 26
04 29 22.7 +15 53 52
04 31 13.1 -44 55 39
04 33 60.0 -29 44 31
04 34 16.1 -55 01 10
04 34 33.6 +14 52 11
04 36 02.2 -30 32 15
04 36 20.5 +10 11 08
04 36 38.4 +16 32 01
04 36 54.5 -62 03 10
04 36 56.7 -03 19 40
04 37 33.6 +41 17 22
04 38 45.2 -14 16 49
04 38 51.5 +12 32 06
04 40 57.9 -41 50 26
04 40 59.4 -19 38 54
04 42 30.0 -37 07 14
04 42 59.8 +22 58 48
04 46 07.7 -03 13 57
04 49 03.0 +56 46 41
04 50 31.2 +06 58 56
04 50 45.3 +37 30 33
04 51 17.7 +08 55 15
04 51 52.4 +05 37 32
04 52 06.4 +18 51 37
04 53 14.5 +14 16 14
04 53 30.6 -05 25 57
04 54 50.2 -74 55 02
04 54 54.2 +02 27 37
04 55 18.0 +66 21 44
04 57 04.5 +13 31 60
04 57 48.6 +33 11 05
04 58 17.6 +53 46 15
04 59 11.8 +01 43 56
05 02 52.1 +43 50 26
05 03 21.2 +41 05 34
05 03 50.7 +21 36 25
05 04 32.1 +60 27 33
05 05 17.1 +15 25 14
05 05 17.5 -49 33 41
05 05 43.6 -57 27 21
05 05 59.4 -22 21 18
05 07 23.6 +41 15 01
05 08 27.9 -05 04 16
05 09 44.7 -08 44 20
05 10 01.0 +09 50 41
05 12 52.9 -11 51 18
05 13 29.6 -16 11 29
05 13 45.0 -67 10 16
05 13 48.5 -12 55 38
05 13 56.7 +02 52 31
05 14 17.1 +38 29 53
05 15 08.4 -08 11 17
05 17 36.9 +46 00 34
05 17 56.2 -34 53 01
05 18 12.8 -06 49 54
05 19 40.6 -50 35 35
05 20 01.3 +40 06 32
05 20 09.1 -13 09 53
05 22 24.1 -00 22 16
05 24 33.0 -07 47 51
05 24 38.4 +79 14 34
05 25 06.4 -02 23 11
05 25 48.1 +06 21 36
05 27 05.0 +28 37 01
05 27 53.9 +17 58 19
05 28 46.9 -20 45 01
05 30 30.1 -47 04 09
05 31 21.2 +63 04 34
05 31 23.8 -76 19 53
05 31 27.2 +05 57 24
05 31 39.4 -35 27 43
05 32 38.8 -00 17 27
05 32 56.8 +18 36 09
05 33 16.9 -17 48 51
05 33 32.6 +32 12 01
05 33 44.1 -62 28 55
05 35 30.4 +09 29 50
05 35 49.6 +09 56 30
05 36 02.7 -05 54 09
05 36 50.9 -01 11 41
05 37 35.6 +09 17 47
05 38 23.6 +21 08 57
05 39 22.5 -02 35 37
05 40 06.1 -34 04 05
05 41 23.4 -01 56 13
05 44 47.8 -65 43 51
05 44 59.1 -22 26 42
05 46 52.2 +49 49 49
05 47 31.4 -14 49 05
05 47 34.9 -51 03 45
05 48 10.0 +17 43 58
05 48 21.0 -09 39 58
05 50 03.3 -56 09 50
05 51 10.2 -52 06 23
05 51 24.1 -35 45 51
05 51 51.6 -20 52 44
05 52 21.4 +39 09 03
05 54 06.8 +27 36 51
05 55 07.4 +20 16 39
05 55 50.9 +07 24 30
05 55 53.7 +55 42 30
05 56 58.5 -14 09 58
05 57 58.8 -35 16 57
05 59 28.2 +00 33 12
05 59 31.8 -42 48 54
06 00 26.8 +44 56 51
06 00 33.4 +54 17 03
06 00 34.4 +37 12 44
06 00 51.8 +45 56 12
06 03 04.3 +09 38 47
06 04 39.7 +20 08 14
06 04 52.8 +23 15 42
06 05 32.6 -16 29 10
06 08 17.2 +14 45 58
06 08 39.5 -68 50 46
06 09 29.4 -22 25 49
06 09 52.1 -74 45 25
06 10 32.5 -54 58 18
06 12 39.1 +14 12 18
06 14 06.5 +65 42 51
06 15 27.9 -06 16 46
06 15 37.9 +22 30 08
06 16 10.5 +29 29 33
06 16 59.8 -35 08 43
06 17 08.8 +12 16 04
06 20 13.3 +69 18 49
06 20 18.9 -07 49 44
06 20 43.5 +59 00 18
06 20 47.6 -30 04 11
06 22 34.3 -33 26 36
06 23 15.0 -17 57 46
06 23 43.0 +22 30 22
06 24 13.8 -52 42 10
06 24 25.8 +04 35 08
06 24 45.3 -11 32 15
06 25 51.6 +49 16 49
06 28 34.6 -04 46 15
06 28 38.0 -32 35 19
06 29 42.3 +20 12 12
06 32 22.6 -23 25 41
06 33 34.8 +07 19 22
06 34 16.0 -01 13 50
06 35 15.1 -52 59 10
06 35 34.8 -22 58 32
06 37 13.8 -19 16 02
06 38 08.6 -43 12 27
06 38 26.0 +16 23 15
06 38 26.4 -18 14 57
06 41 40.0 +09 52 60
06 44 41.6 +13 12 52
06 44 42.0 +25 07 04
06 45 41.7 -16 44 03
06 45 59.4 +12 52 52
06 47 38.3 +43 33 50
06 47 47.1 -37 56 39
06 48 19.1 -61 57 18
06 48 20.8 +79 32 54
06 48 30.8 +02 23 51
06 48 36.7 +48 46 30
06 50 07.6 -53 38 15
06 50 14.8 -50 37 48
06 50 18.5 -32 31 25
06 51 18.2 -70 58 44
06 53 36.7 +33 56 42
06 54 39.1 -24 12 02
06 54 46.3 -12 03 18
06 55 02.7 +68 52 19
06 56 41.7 -17 04 16
06 58 21.4 +58 24 18
06 59 07.0 -28 59 23
07 01 52.4 +76 57 33
07 02 13.0 -27 57 12
07 03 10.4 +24 11 48
07 03 32.8 -23 51 08
07 04 19.4 -15 39 09
07 04 26.6 -42 21 23
07 04 32.3 -56 46 08
07 04 51.0 +20 33 03
07 08 38.3 -70 31 09
07 08 54.0 -26 24 49
07 10 50.9 -04 15 27
07 11 56.0 +30 13 25
07 12 30.2 -00 30 51
07 12 30.8 +39 17 56
07 12 55.0 -46 46 50
07 13 11.9 +24 06 24
07 13 55.2 -44 39 38
07 14 05.3 +16 08 12
07 14 45.8 -26 22 29
07 15 19.1 -26 47 42
07 16 49.3 -67 58 48
07 17 35.1 -37 07 14
07 18 48.6 +16 31 01
07 19 13.6 -24 58 40
07 20 52.1 +21 57 30
07 24 35.4 -29 19 41
07 25 00.3 +40 38 50
07 26 30.1 +27 46 20
07 27 49.7 +08 15 48
07 28 50.6 +08 53 58
07 29 37.6 -43 19 38
07 29 54.9 +31 45 31
07 30 29.5 +11 58 47
07 34 35.3 -22 19 25
07 35 23.6 +31 51 35
07 35 23.9 +31 51 38
07 35 58.3 -52 33 44
07 36 41.5 +26 52 01
07 37 49.9 -34 59 50
07 37 54.0 -04 08 23
07 39 57.4 +05 11 32
07 41 39.6 -72 38 09
07 41 50.7 -09 34 52
07 44 03.5 +58 40 47
07 44 05.5 +28 51 08
07 44 18.6 -28 59 07
07 45 12.1 +24 22 01
07 45 42.0 -37 59 58
07 45 55.4 +86 59 23
07 46 04.8 +27 59 42
07 46 31.4 -14 35 42
07 46 50.8 +18 28 43
07 46 57.4 +10 44 13
07 47 29.2 +37 29 10
07 47 54.2 -46 38 24
07 48 18.6 +33 23 03
07 48 36.4 -25 58 08
07 49 37.2 -46 24 19
07 49 49.2 -24 53 30
07 52 20.9 +01 44 03
07 52 38.8 -40 36 31
07 53 05.2 -38 53 45
07 53 40.2 -48 08 10
07 54 15.6 +26 43 57
07 55 37.1 +47 31 52
07 57 05.8 -53 00 59
07 57 23.8 -22 54 51
07 58 10.0 -30 22 08
07 58 36.0 -49 16 45
07 59 50.3 -60 37 18
08 00 21.6 -03 42 52
08 00 25.7 -18 26 03
08 01 40.1 +73 52 58
08 02 54.9 +02 17 58
08 04 01.4 -40 02 20
08 04 17.0 +27 45 30
08 07 58.0 -68 39 14
08 08 04.6 -24 20 28
08 09 13.3 -03 01 15
08 09 23.6 +51 28 10
08 09 35.1 -19 16 56
08 09 55.1 -47 22 26
08 11 48.3 -39 39 23
08 13 54.4 -15 49 36
08 14 02.6 +68 26 09
08 14 29.6 -40 23 12
08 17 11.5 +09 08 46
08 18 11.1 -76 57 32
08 19 01.4 -36 41 55
08 20 14.8 -77 31 28
08 20 49.3 +27 10 35
08 21 52.6 -33 05 41
08 22 46.2 -59 32 60
08 23 41.2 +43 08 49
08 25 36.1 -24 05 15
08 25 52.2 -66 10 44
08 26 17.1 -03 56 52
08 31 17.6 +60 40 31
08 33 25.8 +20 23 52
08 38 05.0 -43 01 60
08 38 19.0 +05 39 34
08 39 24.6 +03 17 49
08 40 35.5 -35 21 12
08 40 37.0 -12 31 13
08 40 39.1 -52 58 00
08 40 52.4 -79 00 30
08 40 53.5 -59 48 21
08 41 02.5 -46 41 37
08 41 52.6 +45 47 21
08 43 52.6 +03 21 11
08 44 00.4 +21 25 22
08 44 05.7 -33 13 55
08 44 50.8 -42 41 42
08 45 02.9 -54 45 18
08 45 23.6 +18 06 27
08 46 27.1 -46 05 16
08 46 58.0 -13 35 38
08 47 01.9 -56 48 58
08 47 26.1 +06 22 20
08 47 27.1 +28 42 48
08 49 05.7 +05 47 28
08 49 59.4 -03 29 24
08 51 03.8 -27 45 24
08 54 38.6 -85 42 41
08 55 19.8 -60 41 33
08 56 03.2 +05 53 50
08 57 16.7 -59 16 40
08 59 10.2 +11 48 31
09 00 03.5 +47 59 31
09 00 18.5 +32 22 09
09 00 33.4 -41 18 10
09 01 26.8 +41 43 57
09 02 38.5 -66 26 46
09 03 39.3 +67 34 47
09 04 28.4 +47 06 23
09 04 35.2 -47 08 52
09 05 10.3 -72 39 11
09 07 19.3 +38 24 05
09 08 25.4 +10 37 02
09 08 27.4 -43 29 01
09 09 44.8 +51 33 12
09 10 04.5 +21 59 39
09 11 17.8 -59 01 06
09 11 33.7 -62 22 07
09 13 19.9 -69 46 08
09 14 37.0 +43 09 56
09 15 00.8 +02 15 39
09 16 33.3 -57 35 39
09 17 25.5 -59 19 41
09 19 37.1 +36 44 56
09 21 48.8 +34 20 21
09 22 02.8 -26 01 09
09 22 30.1 -55 03 52
09 25 22.8 +26 07 40
09 28 12.1 -08 42 48
09 29 45.7 -36 00 23
09 31 11.6 -40 31 19
09 31 36.1 -57 05 23
09 31 41.5 -73 08 11
09 32 25.9 +22 54 44
09 32 30.1 +63 00 23
09 32 33.4 -62 50 40
09 32 37.1 +11 14 38
09 33 41.2 +51 37 11
09 33 47.0 -21 10 17
09 34 48.4 -59 17 09
09 34 59.1 +36 20 29
09 35 34.0 +69 46 28
09 35 40.4 +51 59 43
09 37 16.4 -49 24 41
09 38 47.0 +81 16 11
09 39 06.4 +04 35 32
09 40 29.6 -01 11 60
09 40 54.3 -14 23 22
09 41 49.0 +09 50 06
09 44 24.7 +13 57 50
09 44 45.6 -27 49 38
09 45 35.4 -62 33 57
09 46 33.5 +23 42 58
09 47 24.8 -65 07 49
09 48 13.8 +11 22 13
09 49 23.4 +45 57 44
09 51 52.1 +58 58 45
09 52 04.8 -14 54 20
09 53 28.3 +25 56 51
09 55 27.6 -19 04 08
09 57 18.2 -54 37 39
09 58 26.7 +40 59 44
09 59 24.5 -35 57 04
10 00 52.4 +07 59 02
10 01 43.7 +31 51 42
10 05 44.0 -13 07 32
10 08 00.8 +16 42 05
10 08 09.8 +35 10 60
10 08 34.0 +09 56 09
10 08 34.6 -00 25 59
10 09 02.2 +11 54 20
10 11 11.9 -12 24 59
10 14 02.0 -70 05 60
10 15 15.7 -42 11 03
10 17 23.0 +23 21 17
10 17 30.1 -61 23 42
10 17 50.7 +42 51 05
10 18 15.1 -08 07 54
10 18 42.0 -29 03 17
10 20 39.6 +19 46 40
10 22 51.9 -41 42 47
10 23 04.2 +41 26 10
10 24 02.2 -38 04 25
10 24 38.4 -74 05 43
10 25 01.1 +65 30 10
10 26 41.7 -16 54 02
10 27 43.5 -31 07 54
10 28 20.4 -58 48 12
10 28 36.1 +36 38 34
10 30 06.8 -02 48 12
10 31 25.1 +55 54 58
10 32 28.3 -61 44 59
10 32 30.4 +82 29 39
10 32 51.7 +14 04 22
10 33 28.1 +09 14 31
10 33 28.6 -47 04 05
10 34 36.6 -23 48 36
10 35 36.4 -78 40 22
10 35 57.5 +57 01 04
10 36 04.3 -57 37 21
10 36 07.3 +75 38 53
10 37 49.8 -48 17 27
10 39 25.3 +31 54 39
10 39 48.4 -55 40 07
10 43 24.3 -64 27 36
10 43 56.8 +69 00 38
10 44 05.6 +23 07 22
10 44 16.7 +46 08 16
10 45 53.3 -80 36 22
10 46 33.4 +30 36 58
10 47 04.9 +18 49 31
10 47 18.6 -49 29 12
10 49 54.8 +10 28 44
10 50 14.5 -16 15 34
10 54 00.3 -58 55 11
10 54 00.5 +34 08 50
10 56 17.3 +24 40 58
10 57 18.1 -37 12 19
11 00 09.8 +40 21 48
11 00 23.1 -18 21 56
11 00 43.8 -42 17 35
11 01 12.4 +03 33 01
11 02 35.3 +56 18 55
11 02 59.7 +20 06 45
11 04 29.4 +61 40 60
11 05 39.7 +07 16 06
11 05 56.1 -27 21 41
11 09 07.7 -59 02 34
11 10 21.7 +44 25 50
11 12 16.5 -22 53 39
11 13 07.4 -49 10 08
11 14 46.3 +20 27 18
11 14 53.7 +15 21 40
11 17 17.8 -03 43 12
11 19 09.1 +33 01 33
11 19 48.6 +38 07 01
11 19 58.0 -14 50 47
11 21 34.9 -54 33 35
11 21 46.8 +05 57 38
11 24 34.5 +10 27 38
11 25 30.5 -17 45 10
11 28 34.8 +02 47 14
11 32 08.0 +69 15 43
11 33 37.1 -31 55 37
11 36 21.8 -63 05 21
11 36 32.2 -47 42 40
11 37 19.0 -09 52 17
11 37 35.3 -00 53 34
11 40 50.2 -34 48 50
11 41 42.4 +34 07 51
11 43 09.6 +66 40 32
11 44 07.4 -62 33 32
11 45 23.9 -18 25 13
11 46 12.3 -66 47 53
11 46 30.1 +06 27 33
11 46 42.4 +47 42 36
11 47 07.5 -61 14 53
11 48 37.8 +20 08 58
11 49 23.1 -26 49 10
11 49 41.8 +14 30 08
11 50 18.0 -63 51 29
11 51 20.8 +01 41 39
11 51 46.4 -45 14 35
11 53 32.6 -33 58 40
11 54 29.0 +53 37 31
11 56 19.1 +15 34 38
11 56 39.3 -17 13 14
12 01 30.8 +06 32 41
12 03 40.1 -63 22 57
12 04 18.6 -42 30 14
12 05 50.7 +08 39 49
12 07 32.5 -64 41 00
12 08 44.4 -50 43 51
12 09 00.6 -50 47 31
12 09 03.6 -24 47 55
12 10 46.2 -22 41 21
12 12 18.6 -52 26 17
12 12 46.3 +77 32 49
12 15 49.0 -58 49 06
12 16 02.4 +56 57 48
12 16 27.0 -17 36 41
12 18 15.4 -68 01 49
12 19 06.3 -79 22 54
12 19 07.4 -64 04 21
12 20 25.4 +48 54 53
12 20 32.8 -00 44 10
12 20 59.1 +03 14 35
12 22 02.5 -60 28 12
12 23 07.9 +25 46 37
12 26 27.8 +38 56 58
12 27 18.1 -63 10 06
12 27 33.6 +28 11 57
12 28 43.3 -50 17 59
12 29 02.6 -39 06 37
12 30 30.8 -16 35 06
12 30 32.1 +58 20 13
12 31 52.0 -57 10 59
12 32 43.0 -16 15 54
12 33 13.7 -72 12 07
12 34 00.6 +69 43 10
12 34 15.8 +33 10 43
12 34 20.0 +41 17 23
12 35 02.8 -23 27 57
12 35 28.4 +22 33 38
12 35 45.3 +18 18 30
12 37 56.5 -69 12 15
12 38 23.5 -48 36 36
12 39 53.5 -08 03 51
12 42 12.7 -49 01 42
12 42 17.6 -01 31 05
12 42 17.7 -01 31 03
12 42 31.0 +10 10 01
12 44 40.7 -28 23 33
12 45 42.9 +45 22 19
12 46 15.0 +07 36 19
12 47 03.6 -68 10 35
12 48 27.6 -59 45 25
12 51 22.1 -34 04 02
12 52 18.4 +27 28 22
12 53 49.7 -49 00 40
12 54 08.0 -40 14 48
12 54 34.6 +55 53 32
12 55 00.3 -09 36 24
12 55 20.2 -57 14 44
12 55 58.2 +65 22 15
12 56 14.0 +03 19 47
12 56 25.4 -85 11 27
12 56 36.6 +38 15 04
13 01 15.7 +56 17 57
13 02 47.9 +10 53 32
13 03 08.9 -71 36 57
13 06 19.4 +35 43 56
13 07 38.8 -49 58 22
13 10 35.9 -05 36 20
13 12 27.3 +27 48 54
13 16 06.7 -67 57 38
13 17 35.0 -31 34 19
13 18 06.1 +40 30 25
13 18 14.2 +05 24 15
13 19 03.7 -18 22 49
13 19 36.2 -23 14 14
13 21 18.2 -36 46 40
13 23 27.0 -61 03 13
13 24 25.6 +54 51 37
13 25 43.5 +54 55 23
13 25 51.2 -11 13 34
13 27 22.9 -12 46 20
13 28 54.5 +59 52 53
13 29 02.5 +13 42 44
13 31 46.4 -39 28 17
13 34 46.0 +03 35 42
13 35 19.9 -00 39 34
13 35 21.2 +37 07 07
13 37 29.1 +71 10 44
13 40 41.2 -53 31 46
13 40 46.6 -50 00 46
13 42 16.2 -08 45 56
13 46 24.1 -33 06 23
13 47 51.4 +17 23 42
13 48 01.9 +49 15 04
13 50 04.8 +15 44 11
13 50 10.4 -34 30 46
13 50 15.6 -41 44 58
13 50 22.5 -42 32 08
13 50 33.2 -18 11 46
13 51 47.8 +64 39 42
13 55 16.8 +18 20 08
13 56 19.5 -47 20 58
13 58 33.9 -63 44 50
13 59 02.2 -42 09 41
13 59 13.4 -25 01 58
13 59 27.4 -44 51 51
14 02 17.0 +01 29 04
14 02 30.6 -45 39 48
14 04 43.0 -60 25 58
14 04 43.7 +64 18 59
14 06 35.3 -76 51 22
14 06 48.8 -41 14 20
14 07 05.2 -26 44 31
14 07 25.3 -36 25 51
14 08 25.7 +43 47 43
14 08 49.0 +77 29 20
14 10 58.1 +25 01 58
14 13 33.9 -10 19 53
14 16 13.9 +19 07 04
14 16 36.5 +51 18 36
14 16 40.3 -06 03 35
14 16 51.5 +46 01 53
14 18 31.5 +35 27 08
14 19 47.3 -13 25 41
14 19 52.6 +12 56 50
14 20 12.6 -46 06 54
14 21 12.5 -56 26 36
14 21 19.3 -37 56 32
14 23 48.7 -39 34 06
14 24 48.7 +05 45 50
14 25 31.6 -24 51 45
14 25 37.3 +51 47 36
14 26 56.7 -45 16 38
14 26 59.4 -45 26 07
14 27 02.3 +19 10 16
14 27 30.8 +75 38 25
14 28 50.9 -02 16 60
14 28 54.5 -29 32 50
14 29 03.9 -83 43 25
14 32 22.1 +30 19 01
14 32 34.9 +38 15 14
14 33 28.0 -50 30 43
14 35 13.5 +29 41 29
14 36 18.3 -42 12 43
14 38 44.1 -49 28 46
14 39 18.1 +44 21 03
14 40 27.0 -60 53 11
14 40 27.7 -60 53 10
14 41 44.8 +13 40 31
14 42 44.4 -37 50 47
14 42 46.0 -47 26 28
14 43 31.9 -65 01 43
14 43 43.2 -05 42 43
14 43 58.3 +26 28 31
14 44 25.5 -35 13 36
14 45 32.0 +27 01 19
14 46 52.9 +01 50 27
14 47 54.2 -52 26 08
14 48 28.8 -26 08 21
14 49 28.2 -79 05 47
14 50 40.8 +74 06 16
14 51 01.5 -28 00 42
14 51 22.8 -16 02 55
14 51 34.3 -16 05 35
14 51 45.6 +59 14 37
14 52 27.6 -43 37 35
14 56 31.0 -33 54 21
14 57 26.9 -11 27 34
14 57 47.1 +65 52 58
14 57 50.2 -04 23 48
14 59 21.3 -43 11 01
14 59 58.8 -42 09 13
15 01 38.5 -08 34 04
15 02 25.0 +40 20 30
15 03 32.0 +02 02 34
15 04 48.3 -25 19 49
15 04 58.9 +26 53 58
15 06 38.2 +54 30 31
15 07 51.0 +24 49 16
15 09 41.4 -45 19 38
15 12 48.6 -48 47 04
15 12 56.2 -19 50 18
15 13 11.4 -52 08 45
15 14 47.2 +67 17 58
15 15 23.5 -31 33 54
15 15 48.7 +04 53 37
15 16 00.4 +33 16 07
15 17 40.9 -09 25 42
15 18 30.1 -58 50 49
15 18 35.7 -30 11 38
15 19 24.5 -47 55 13
15 20 05.6 -68 43 28
15 20 43.1 +71 47 22
15 22 11.8 -40 41 31
15 22 36.2 -36 18 21
15 23 32.1 -44 44 01
15 23 57.5 -36 54 09
15 24 23.0 -59 21 53
15 24 57.8 +37 20 02
15 25 12.6 +58 55 21
15 26 22.2 +15 23 05
15 28 20.7 +29 03 47
15 31 22.7 +40 47 27
15 32 54.1 -73 25 53
15 33 26.0 +31 19 03
15 34 51.8 -10 06 24
15 35 13.0 +26 40 24
15 35 24.0 +10 29 52
15 35 58.7 -41 12 28
15 36 13.6 -14 49 50
15 37 03.7 -44 26 16
15 37 47.1 -28 10 32
15 37 52.7 -66 21 28
15 38 16.6 +40 18 48
15 38 54.0 -42 36 27
15 39 25.6 -29 49 05
15 39 45.6 -52 24 46
15 42 40.1 -19 43 07
15 43 16.1 +26 15 24
15 43 38.2 +77 45 20
15 44 53.1 +06 23 13
15 46 45.9 +15 22 60
15 46 51.6 +62 33 40
15 47 03.1 +07 18 53
15 49 18.2 +18 06 13
15 50 07.1 +26 01 51
15 50 16.4 -03 28 04
15 51 26.4 +04 26 27
15 51 42.2 +35 37 09
15 51 45.4 -33 39 51
15 53 06.5 +42 25 01
15 54 03.7 -20 12 13
15 54 32.3 -16 45 54
15 56 15.3 -63 28 05
15 57 01.9 +15 37 17
15 57 39.5 -29 14 59
15 58 05.3 +54 42 53
15 58 06.3 +26 50 32
15 58 53.5 -14 18 53
15 59 36.6 -26 08 57
16 00 01.6 +25 53 07
16 00 21.6 -41 46 45
16 00 57.2 -38 25 53
16 01 01.8 -16 34 10
16 01 04.5 -22 39 23
16 02 07.5 +58 31 56
16 06 09.9 -19 50 20
16 06 10.2 -19 50 06
16 07 22.7 -45 12 22
16 07 25.0 -36 50 07
16 07 32.4 -20 42 08
16 08 08.4 -20 54 06
16 08 38.4 +17 00 52
16 09 09.8 +44 54 09
16 09 25.8 +36 27 35
16 10 29.1 +75 50 44
16 12 43.4 -19 29 32
16 14 28.2 -54 39 42
16 15 00.1 -03 43 32
16 16 35.1 -63 42 58
16 17 09.2 +75 43 34
16 18 59.0 -04 43 20
16 20 07.0 +46 17 03
16 20 20.3 -30 56 10
16 20 46.8 -50 11 06
16 21 57.0 -25 37 19
16 22 15.2 -78 43 30
16 22 28.3 +19 07 28
16 22 42.4 +01 00 02
16 24 09.8 +61 29 10
16 24 50.2 -20 03 56
16 25 59.6 +14 00 19
16 27 45.0 -18 29 01
16 27 57.9 +68 44 28
16 28 06.3 -47 34 56
16 29 49.6 -70 06 39
16 30 10.6 -26 27 32
16 30 45.5 +21 27 47
16 31 32.7 +01 57 27
16 31 51.4 -16 38 21
16 32 12.1 -34 43 50
16 32 52.8 -21 29 32
16 34 30.4 +42 24 43
16 35 24.3 -78 55 22
16 36 39.8 -28 14 27
16 37 12.0 -35 16 48
16 37 50.9 -10 35 29
16 39 05.3 +48 54 16
16 41 45.5 +31 34 50
16 42 17.8 -17 45 55
16 43 19.5 +38 53 57
16 44 43.8 +82 00 54
16 44 53.4 -77 32 29
16 45 32.1 +56 45 35
16 49 59.9 -69 02 56
16 50 31.6 -10 48 15
16 50 52.2 -59 03 44
16 50 58.5 -34 18 54
16 52 16.4 +24 38 10
16 52 43.2 -38 04 04
16 53 11.1 -38 02 16
16 53 26.5 +31 40 54
16 54 36.0 +10 08 44
16 55 27.9 -42 22 54
16 58 15.6 +09 21 23
16 59 39.5 -56 00 31
17 00 35.0 -53 10 42
17 00 46.1 +30 54 31
17 01 43.2 -04 14 26
17 02 04.1 +33 33 03
17 05 57.5 +12 43 28
17 08 49.5 +65 41 58
17 11 05.8 -15 44 22
17 13 03.0 -43 15 16
17 15 13.1 +14 22 37
17 15 29.0 +36 47 44
17 15 32.7 +24 49 31
17 20 52.0 +18 02 42
17 21 07.7 +32 27 08
17 21 31.9 -12 51 31
17 21 45.4 -21 07 31
17 22 46.7 -25 00 40
17 23 29.9 -70 08 04
17 26 20.5 -55 32 25
17 26 26.9 -56 23 17
17 27 08.1 +04 07 49
17 27 08.1 -24 11 09
17 27 17.7 -05 05 48
17 28 09.2 -29 52 38
17 28 14.3 +86 34 39
17 30 43.0 +52 17 33
17 31 14.6 +26 06 07
17 31 36.9 -37 18 17
17 31 55.0 +68 07 37
17 32 13.8 -60 41 34
17 32 25.4 +55 10 34
17 32 30.8 +55 09 53
17 32 48.6 -49 53 05
17 34 27.5 -37 06 42
17 35 30.9 +12 33 06
17 36 52.8 +68 45 08
17 37 24.5 -38 38 34
17 38 13.1 -43 00 16
17 38 18.2 -15 24 20
17 39 49.1 +46 00 01
17 41 43.2 +72 08 33
17 42 07.1 -12 52 52
17 43 21.2 -39 02 07
17 43 52.4 +24 19 23
17 44 05.4 +04 33 47
17 44 10.8 -21 41 18
17 45 08.3 -51 50 22
17 46 56.9 +27 42 51
17 46 57.7 -64 43 42
17 48 20.9 -27 50 04
17 48 27.6 -40 07 50
17 48 31.2 +02 42 12
17 48 53.6 +76 57 38
17 50 42.6 -37 02 46
17 53 44.7 +56 52 16
17 55 55.5 +26 02 55
17 56 40.9 +37 14 58
17 56 53.8 +51 29 16
17 58 15.1 +29 14 50
17 58 58.9 +30 11 20
17 59 42.9 -09 46 27
18 00 36.8 +16 45 04
18 01 16.3 +02 55 55
18 02 23.3 +01 18 20
18 05 49.1 -29 34 42
18 06 05.1 +02 29 55
18 06 36.7 -30 25 22
18 07 36.3 -50 05 22
18 07 51.4 +43 27 50
18 07 56.6 +09 33 59
18 08 01.8 +28 45 54
18 09 17.6 +20 49 02
18 09 47.0 -63 39 59
18 12 09.4 -45 57 04
18 13 58.2 +64 24 06
18 14 30.7 -21 03 16
18 18 10.7 -56 01 05
18 18 28.4 -36 45 24
18 20 18.0 +36 04 15
18 20 34.6 +71 20 39
18 20 49.8 +72 44 17
18 21 29.5 +03 23 01
18 21 47.6 -29 49 18
18 21 57.4 -02 53 41
18 24 13.9 +21 46 34
18 24 22.6 -61 29 12
18 25 00.1 -34 22 39
18 27 54.0 -45 57 37
18 28 44.5 -25 24 50
18 29 47.6 -49 03 45
18 29 54.6 -14 33 25
18 30 20.0 -01 58 35
18 34 23.7 -42 18 08
18 35 53.2 -08 14 04
18 37 03.6 +09 07 59
18 37 21.7 +38 47 45
18 42 57.5 -09 02 23
18 44 12.1 -08 15 43
18 44 29.4 -71 24 56
18 45 12.2 +37 37 08
18 45 57.6 +75 26 53
18 46 12.0 +20 33 32
18 46 26.2 -26 58 37
18 46 34.7 +26 40 34
18 47 34.4 +18 11 46
18 47 50.3 -04 44 01
18 48 09.0 -05 41 27
18 49 44.5 -43 39 55
18 50 32.5 +33 22 40
18 51 23.1 +59 24 14
18 53 22.3 -62 10 18
18 54 14.4 +71 18 49
18 54 56.5 +36 54 54
18 55 42.9 +43 57 47
18 56 02.4 -26 16 49
18 56 50.5 +04 13 14
18 58 14.0 -67 12 58
18 58 28.5 -21 05 21
18 59 24.7 +32 42 26
18 59 27.6 -52 55 15
19 00 11.4 +15 05 10
19 01 50.1 -87 35 20
19 02 20.9 -05 43 14
19 03 24.4 -29 51 40
19 05 25.9 -21 43 20
19 05 59.1 +13 52 58
19 06 54.7 -04 51 47
19 07 43.2 -27 39 04
19 07 44.9 +36 07 13
19 10 19.3 -37 53 02
19 10 30.4 -21 00 10
19 10 53.2 -39 19 12
19 12 33.3 +67 41 01
19 13 21.4 -07 55 04
19 14 11.0 +39 10 05
19 15 18.3 +73 22 42
19 16 48.1 +38 09 24
19 17 23.5 +53 23 31
19 18 21.9 -18 55 47
19 18 24.2 +11 37 07
19 22 23.8 -17 49 22
19 22 26.5 -15 55 50
19 23 32.1 -44 26 04
19 24 07.2 -44 46 30
19 24 45.0 -40 35 29
19 25 34.0 +11 58 19
19 26 07.7 +03 08 26
19 29 13.5 +24 41 27
19 30 01.3 +51 45 25
19 31 13.5 +27 59 12
19 31 19.0 -02 45 43
19 32 14.2 +34 28 49
19 32 20.0 +69 40 57
19 34 42.0 +07 24 23
19 36 08.4 -48 04 16
19 36 46.6 +50 15 02
19 37 22.1 -01 15 29
19 37 28.0 -24 51 18
19 37 33.8 -06 59 56
19 40 39.3 +18 02 36
19 41 13.3 +45 33 18
19 41 26.3 -16 15 49
19 41 36.6 +17 30 21
19 42 08.9 +50 33 16
19 43 14.0 -16 05 38
19 44 14.1 +25 48 09
19 44 43.7 +37 23 06
19 45 21.9 +45 09 42
19 46 51.2 +10 38 40
19 47 05.4 -19 43 49
19 47 56.7 +18 33 57
19 48 07.5 +70 17 59
19 49 02.1 -56 19 53
19 51 02.8 +32 56 47
19 51 23.6 +08 54 08
19 51 28.0 -10 43 51
19 52 21.7 +47 03 36
19 52 41.4 -39 50 30
19 53 06.5 +01 02 19
19 53 58.0 -03 04 53
19 55 55.6 +06 26 19
19 56 07.3 -41 50 04
19 56 46.5 +35 07 02
19 58 39.5 -15 27 27
19 59 18.8 +19 31 36
20 00 32.8 -35 14 30
20 01 37.0 +27 47 19
20 02 01.1 -72 52 33
20 03 25.5 -27 40 27
20 08 20.3 -52 50 38
20 08 26.8 +77 44 55
20 09 53.5 +36 52 37
20 09 56.5 -66 08 56
20 11 56.9 -00 47 01
20 13 41.3 +56 36 23
20 14 01.5 +46 46 47
20 14 51.3 +15 14 11
20 15 51.5 +47 45 11
20 17 19.2 +24 42 37
20 18 14.9 +38 04 20
20 18 20.4 -12 28 08
20 18 44.8 -12 30 19
20 21 42.7 -14 44 28
20 22 40.6 +40 17 50
20 23 47.8 +05 23 01
20 24 21.6 +32 13 52
20 26 37.7 -56 41 38
20 29 47.4 +63 02 11
20 29 54.4 +30 24 39
20 30 18.2 -02 50 36
20 31 19.7 +74 59 50
20 33 48.6 +11 20 47
20 38 08.1 +14 38 21
20 38 26.5 -47 14 49
20 38 59.0 -01 03 39
20 39 04.9 +21 14 44
20 39 44.2 +10 07 51
20 40 13.1 +15 57 25
20 40 45.5 -18 05 38
20 41 32.9 +32 21 08
20 41 51.5 +45 19 32
20 44 02.6 +15 07 12
20 44 57.0 -51 52 31
20 45 32.5 +61 53 15
20 45 39.7 +57 37 30
20 46 04.2 -66 09 26
20 46 10.7 +30 45 57
20 46 43.1 +34 01 03
20 46 50.0 -25 13 31
20 47 14.3 +16 10 12
20 47 53.8 +36 32 14
20 48 21.1 -09 26 58
20 48 23.8 -04 58 53
20 49 19.7 -43 56 32
20 49 21.9 +46 09 39
20 52 33.9 -26 52 18
20 53 19.6 -08 56 09
20 55 05.6 +28 06 20
20 55 46.7 -58 24 22
20 57 01.3 +44 58 24
20 57 38.4 +41 12 57
20 58 49.9 +22 22 29
21 00 15.1 +47 34 13
21 02 03.3 -32 12 30
21 03 45.7 -38 34 55
21 05 23.2 +43 58 41
21 06 11.5 -76 58 29
21 06 38.9 -17 10 57
21 07 27.6 +38 48 41
21 07 51.4 -24 57 19
21 10 16.4 -11 19 14
21 10 57.0 +10 10 57
21 13 28.2 +30 16 43
21 14 01.7 -27 34 04
21 14 29.6 -70 04 27
21 15 05.3 +10 03 29
21 15 17.5 +38 05 57
21 16 26.9 +05 17 60
21 17 54.5 +39 26 51
21 18 26.0 +34 57 00
21 18 41.6 -32 07 11
21 18 52.6 +62 38 20
21 19 19.0 -88 54 16
21 20 45.0 -53 23 47
21 21 33.4 -40 45 21
21 22 39.9 +19 51 31
21 22 56.5 -16 46 51
21 24 52.4 -12 49 26
21 26 17.7 +36 43 19
21 27 22.7 -22 21 24
21 27 27.7 -65 18 32
21 28 49.0 +70 36 57
21 29 26.0 -21 45 08
21 29 54.7 +46 35 46
21 30 30.9 +23 41 39
21 32 13.0 -05 30 56
21 34 27.1 +45 38 51
21 37 27.1 +40 28 12
21 38 15.3 +62 08 19
21 38 20.6 +19 22 31
21 38 25.0 -07 47 51
21 40 40.6 +43 19 51
21 40 46.9 -16 36 19
21 42 06.0 +71 22 09
21 42 49.5 -77 20 01
21 43 53.5 +58 50 16
21 44 48.0 +09 55 58
21 45 06.2 +17 24 28
21 45 12.8 +25 42 11
21 45 41.3 -32 58 06
21 45 48.6 +61 10 44
21 47 15.4 +49 22 04
21 47 43.7 -16 04 12
21 50 23.9 +30 13 58
21 51 49.5 -69 34 14
21 53 37.9 +25 59 04
21 53 58.6 -13 29 33
21 54 40.9 -37 18 20
21 55 18.4 +56 40 15
21 58 45.6 -54 55 57
22 04 09.2 +64 41 21
22 04 18.5 -56 44 02
22 05 23.3 +62 50 49
22 05 32.0 +62 20 27
22 06 25.5 -00 15 31
22 06 51.8 -39 28 57
22 07 06.7 -13 48 31
22 07 35.6 +25 24 24
22 09 00.9 -46 53 60
22 09 06.6 -32 55 37
22 10 02.7 +72 24 11
22 10 32.6 +33 14 24
22 10 49.8 +06 15 35
22 11 17.4 +58 15 47
22 11 56.1 +59 28 35
22 11 57.9 +86 10 13
22 14 25.0 +39 46 38
22 15 01.1 -27 42 16
22 15 30.0 +57 06 22
22 16 31.0 +37 48 41
22 17 29.6 -07 43 14
22 19 20.9 -60 11 48
22 21 21.9 -80 22 36
22 22 08.0 +12 16 07
22 22 16.7 -21 32 07
22 22 18.1 -01 19 26
22 24 03.3 +52 17 31
22 25 54.9 +01 26 28
22 28 12.5 -64 54 08
22 29 22.9 -39 04 05
22 29 28.5 +00 02 40
22 29 38.3 +58 28 46
22 29 59.0 +78 53 19
22 30 00.7 -43 25 53
22 30 03.2 +47 46 16
22 30 30.0 -43 41 06
22 31 01.8 +43 11 16
22 31 18.4 -10 36 49
22 31 48.5 +50 20 49
22 32 12.8 -32 16 54
22 35 22.6 -20 38 38
22 35 59.9 -00 03 10
22 36 04.6 +73 42 30
22 38 24.2 -04 09 48
22 39 05.8 +63 38 59
22 39 49.5 +39 06 56
22 41 03.9 +44 20 31
22 41 20.7 -26 58 41
22 42 05.2 +10 53 49
22 43 24.5 -46 49 08
22 43 35.4 +30 17 13
22 44 39.1 +41 53 06
22 47 08.1 +23 37 54
22 47 16.2 -81 18 56
22 47 19.1 +12 14 14
22 48 13.3 -19 32 53
22 49 18.2 -51 15 03
22 50 07.7 +66 15 59
22 50 15.1 -13 31 35
22 50 36.5 +24 40 04
22 51 44.6 -39 05 25
22 53 13.1 -32 48 32
22 53 16.0 -07 30 46
22 54 16.3 +84 24 47
22 55 18.7 -15 45 15
22 56 38.3 -32 28 21
22 56 59.1 +49 48 02
22 58 20.3 -29 33 21
23 00 36.9 +57 00 45
23 01 36.7 -52 41 13
23 02 29.9 +42 23 36
23 04 11.1 -34 40 54
23 04 22.9 +28 09 03
23 04 30.8 +03 53 15
23 05 23.1 +15 16 22
23 07 21.0 -23 40 31
23 07 34.7 -43 27 10
23 07 38.1 +09 28 38
23 08 17.9 +75 27 19
23 10 06.7 -21 06 16
23 11 03.7 -45 10 44
23 12 22.1 +08 47 17
23 14 58.2 -05 58 53
23 16 32.7 -09 01 10
23 17 48.8 +03 21 03
23 18 09.1 -58 10 01
23 18 33.2 -09 06 51
23 19 29.8 -32 27 50
23 19 36.6 -09 32 32
23 21 15.5 +23 48 32
23 23 37.5 -20 01 56
23 25 23.9 +62 21 06
23 26 00.3 +23 28 23
23 26 42.1 -20 34 24
23 27 34.4 +01 19 27
23 28 36.2 +06 26 52
23 29 33.3 -87 24 48
23 29 47.3 +12 49 47
23 33 38.3 -37 44 56
23 35 32.1 +71 42 40
23 35 44.7 -42 32 45
23 38 10.8 +46 31 33
23 38 31.1 -45 25 23
23 38 45.2 +43 20 14
23 39 52.3 +77 42 07
23 40 35.7 +05 41 39
23 41 01.7 +44 24 12
23 41 17.4 -32 00 14
23 42 41.1 +01 50 56
23 43 22.2 -14 28 33
23 44 50.9 -18 12 27
23 46 39.5 +46 29 23
23 48 31.1 +67 52 35
23 48 35.1 -02 41 32
23 49 34.5 -28 03 40
23 53 07.5 +19 11 23
23 53 15.4 +11 01 01
23 55 00.9 +57 34 08
23 58 23.9 +25 12 39
23 59 18.8 -03 29 12
23 59 34.4 -52 40 34
